II	N	SB	SI	SKIP_W	NN	BB	I	PX	SKIP_X	B	PI	PW	tech	PY	SN	CLOCK	cap_load	fanout_load	in_0	in_1	Internal_Pwr	Switch_Pwr	Leak_Pwr	Total_Pwr	cycles	N	Area	Time
1	1	8	2	1	8	8	1	8	1	1	16	8	tsmc40	8	8	1	1.0	0.1	5,12,3,8,233,1	12,3,49,1,233,88	0.00709	0.00472	1.15E-5	0.0118	366	200	135691.998297	0.6
1	2	8	2	1	8	8	1	8	1	1	16	8	tsmc40	8	8	1	1.0	0.1	5,12,3,8,233,1	12,3,49,1,233,88	0.00683	0.00754	1.15E-5	0.0144	366	200	136771.919132	0.63
1	4	8	2	1	8	8	1	8	1	1	16	8	tsmc40	8	8	1	1.0	0.1	5,12,3,8,233,1	12,3,49,1,233,88	0.00717	0.00732	1.17E-5	0.0145	366	200	138586.545973	0.79
1	8	8	2	1	8	8	1	8	1	1	16	8	tsmc40	8	8	1	1.0	0.1	5,12,3,8,233,1	12,3,49,1,233,88	0.00745	0.00709	1.19E-5	0.0146	366	200	142034.813283	0.83
1	1	8	4	1	8	8	1	8	1	1	16	8	tsmc40	8	8	1	1.0	0.1	5,12,3,8,233,1	12,3,49,1,233,88	0.00609	0.00406	1.19E-5	0.0102	206	200	140932.842445	0.78
1	2	8	4	1	8	8	1	8	1	1	16	8	tsmc40	8	8	1	1.0	0.1	5,12,3,8,233,1	12,3,49,1,233,88	0.00698	0.00478	1.21E-5	0.0118	206	200	143795.990918	0.86
1	4	8	4	1	8	8	1	8	1	1	16	8	tsmc40	8	8	1	1.0	0.1	5,12,3,8,233,1	12,3,49,1,233,88	0.00696	0.00611	1.24E-5	0.0131	206	200	147716.481043	1.06
1	8	8	4	1	8	8	1	8	1	1	16	8	tsmc40	8	8	1	1.0	0.1	5,12,3,8,233,1	12,3,49,1,233,88	0.00703	0.00542	1.3E-5	0.0125	206	200	155624.140486	1.36
1	1	8	8	1	8	8	1	8	1	1	16	8	tsmc40	8	8	1	1.0	0.1	5,12,3,8,233,1	12,3,49,1,233,88	0.00642	0.00453	1.29E-5	0.011	126	200	153153.834783	0.97
1	2	8	8	1	8	8	1	8	1	1	16	8	tsmc40	8	8	1	1.0	0.1	5,12,3,8,233,1	12,3,49,1,233,88	0.00676	0.00382	1.33E-5	0.0106	126	200	159342.12337	1.08
1	4	8	8	1	8	8	1	8	1	1	16	8	tsmc40	8	8	1	1.0	0.1	5,12,3,8,233,1	12,3,49,1,233,88	0.00687	0.00405	1.42E-5	0.0109	126	200	169540.33692	1.59
1	8	8	8	1	8	8	1	8	1	1	16	8	tsmc40	8	8	1	1.0	0.1	5,12,3,8,233,1	12,3,49,1,233,88	0.00796	0.00418	1.55E-5	0.0122	126	200	185626.253395	1.82
1	1	8	16	1	8	8	1	8	1	1	16	8	tsmc40	8	8	1	1.0	0.1	5,12,3,8,233,1	12,3,49,1,233,88	0.00676	0.00171	1.54E-5	0.00848	86	200	184331.300907	1.06
1	2	8	16	1	8	8	1	8	1	1	16	8	tsmc40	8	8	1	1.0	0.1	5,12,3,8,233,1	12,3,49,1,233,88	0.00765	0.00223	1.64E-5	0.0099	86	200	197665.20091	1.57
1	4	8	16	1	8	8	1	8	1	1	16	8	tsmc40	8	8	1	1.0	0.1	5,12,3,8,233,1	12,3,49,1,233,88	0.00847	0.00252	1.81E-5	0.011	86	200	217940.441176	2.05
1	8	8	16	1	8	8	1	8	1	1	16	8	tsmc40	8	8	1	1.0	0.1	5,12,3,8,233,1	12,3,49,1,233,88	0.00953	0.00307	2.02E-5	0.0126	86	200	245598.90362	3.33
1	1	8	2	0	8	8	1	8	1	1	16	8	tsmc40	8	8	1	1.0	0.1	5,12,3,8,233,1	12,3,49,1,233,88	0.00783	0.00524	1.19E-5	0.0131	366	200	140073.598046	0.63
1	2	8	2	0	8	8	1	8	1	1	16	8	tsmc40	8	8	1	1.0	0.1	5,12,3,8,233,1	12,3,49,1,233,88	0.00803	0.00757	1.2E-5	0.0156	366	200	142662.268128	0.7
1	4	8	2	0	8	8	1	8	1	1	16	8	tsmc40	8	8	1	1.0	0.1	5,12,3,8,233,1	12,3,49,1,233,88	0.00831	0.00729	1.24E-5	0.0156	366	200	147504.095477	0.87
1	8	8	2	0	8	8	1	8	1	1	16	8	tsmc40	8	8	1	1.0	0.1	5,12,3,8,233,1	12,3,49,1,233,88	0.00861	0.0077	1.31E-5	0.0163	366	200	157047.512181	0.91
1	1	8	4	0	8	8	1	8	1	1	16	8	tsmc40	8	8	1	1.0	0.1	5,12,3,8,233,1	12,3,49,1,233,88	0.00793	0.00609	1.26E-5	0.014	206	200	148560.731507	0.82
1	2	8	4	0	8	8	1	8	1	1	16	8	tsmc40	8	8	1	1.0	0.1	5,12,3,8,233,1	12,3,49,1,233,88	0.00856	0.00648	1.3E-5	0.0151	206	200	154136.735668	0.99
1	4	8	4	0	8	8	1	8	1	1	16	8	tsmc40	8	8	1	1.0	0.1	5,12,3,8,233,1	12,3,49,1,233,88	0.00837	0.00574	1.38E-5	0.0141	206	200	164872.61642	1.09
1	8	8	4	0	8	8	1	8	1	1	16	8	tsmc40	8	8	1	1.0	0.1	5,12,3,8,233,1	12,3,49,1,233,88	0.0095	0.00635	1.55E-5	0.0159	206	200	186497.8459	1.36
1	1	8	8	0	8	8	1	8	1	1	16	8	tsmc40	8	8	1	1.0	0.1	5,12,3,8,233,1	12,3,49,1,233,88	0.00828	0.00317	1.41E-5	0.0115	126	200	166472.211651	0.99
1	2	8	8	0	8	8	1	8	1	1	16	8	tsmc40	8	8	1	1.0	0.1	5,12,3,8,233,1	12,3,49,1,233,88	0.00935	0.00455	1.5E-5	0.0139	126	200	178583.836027	1.14
1	4	8	8	0	8	8	1	8	1	1	16	8	tsmc40	8	8	1	1.0	0.1	5,12,3,8,233,1	12,3,49,1,233,88	0.00975	0.00424	1.67E-5	0.014	126	200	201039.556742	1.61
1	8	8	8	0	8	8	1	8	1	1	16	8	tsmc40	8	8	1	1.0	0.1	5,12,3,8,233,1	12,3,49,1,233,88	0.0115	0.0048	1.98E-5	0.0164	126	200	243062.448039	1.86
1	1	8	16	0	8	8	1	8	1	1	16	8	tsmc40	8	8	1	1.0	0.1	5,12,3,8,233,1	12,3,49,1,233,88	0.0103	0.00217	1.73E-5	0.0125	86	200	205900.258901	1.12
1	2	8	16	0	8	8	1	8	1	1	16	8	tsmc40	8	8	1	1.0	0.1	5,12,3,8,233,1	12,3,49,1,233,88	0.011	0.00249	1.91E-5	0.0135	86	200	229314.007991	1.63
1	4	8	16	0	8	8	1	8	1	1	16	8	tsmc40	8	8	1	1.0	0.1	5,12,3,8,233,1	12,3,49,1,233,88	0.0123	0.00287	2.26E-5	0.0152	86	200	275269.384686	2.06
1	8	8	16	0	8	8	1	8	1	1	16	8	tsmc40	8	8	1	1.0	0.1	5,12,3,8,233,1	12,3,49,1,233,88	0.0161	0.00413	2.88E-5	0.0202	86	200	358386.950358	3.19
1	1	8	2	1	8	8	1	8	0	1	16	8	tsmc40	8	8	1	1.0	0.1	5,12,3,8,233,1	12,3,49,1,233,88	0.00804	0.0108	1.19E-5	0.0189	366	200	140201.66445	0.64
1	2	8	2	1	8	8	1	8	0	1	16	8	tsmc40	8	8	1	1.0	0.1	5,12,3,8,233,1	12,3,49,1,233,88	0.00797	0.0107	1.17E-5	0.0187	366	200	137429.185559	0.65
1	4	8	2	1	8	8	1	8	0	1	16	8	tsmc40	8	8	1	1.0	0.1	5,12,3,8,233,1	12,3,49,1,233,88	0.0073	0.0101	1.16E-5	0.0175	366	200	136522.136727	0.78
1	8	8	2	1	8	8	1	8	0	1	16	8	tsmc40	8	8	1	1.0	0.1	5,12,3,8,233,1	12,3,49,1,233,88	0.00759	0.0115	1.16E-5	0.0191	366	200	137034.931542	0.93
1	1	8	4	1	8	8	1	8	0	1	16	8	tsmc40	8	8	1	1.0	0.1	5,12,3,8,233,1	12,3,49,1,233,88	0.00293	3.71E-4	1.25E-5	0.00331	206	200	148670.099512	0.82
1	2	8	4	1	8	8	1	8	0	1	16	8	tsmc40	8	8	1	1.0	0.1	5,12,3,8,233,1	12,3,49,1,233,88	0.00256	4.41E-4	1.2E-5	0.00301	206	200	143545.679343	0.87
1	4	8	4	1	8	8	1	8	0	1	16	8	tsmc40	8	8	1	1.0	0.1	5,12,3,8,233,1	12,3,49,1,233,88	0.00261	5.99E-4	1.19E-5	0.00322	206	200	141927.738489	1.04
1	8	8	4	1	8	8	1	8	0	1	16	8	tsmc40	8	8	1	1.0	0.1	5,12,3,8,233,1	12,3,49,1,233,88	0.00247	5.84E-4	1.2E-5	0.00306	206	200	143278.786131	1.46
1	1	8	8	1	8	8	1	8	0	1	16	8	tsmc40	8	8	1	1.0	0.1	5,12,3,8,233,1	12,3,49,1,233,88	0.00459	5.96E-4	1.39E-5	0.0052	126	200	166517.370057	0.99
1	2	8	8	1	8	8	1	8	0	1	16	8	tsmc40	8	8	1	1.0	0.1	5,12,3,8,233,1	12,3,49,1,233,88	0.00379	6.63E-4	1.31E-5	0.00446	126	200	156725.934937	1.1
1	4	8	8	1	8	8	1	8	0	1	16	8	tsmc40	8	8	1	1.0	0.1	5,12,3,8,233,1	12,3,49,1,233,88	0.00355	7.93E-4	1.28E-5	0.00436	126	200	153851.496843	1.57
1	8	8	8	1	8	8	1	8	0	1	16	8	tsmc40	8	8	1	1.0	0.1	5,12,3,8,233,1	12,3,49,1,233,88	0.00386	0.00105	1.3E-5	0.00493	126	200	156465.56852	1.9
1	1	8	16	1	8	8	1	8	0	1	16	8	tsmc40	8	8	1	1.0	0.1	5,12,3,8,233,1	12,3,49,1,233,88	0.00803	0.00128	1.72E-5	0.00932	86	200	206019.328916	1.09
1	2	8	16	1	8	8	1	8	0	1	16	8	tsmc40	8	8	1	1.0	0.1	5,12,3,8,233,1	12,3,49,1,233,88	0.0065	0.00138	1.56E-5	0.0079	86	200	186816.424273	1.59
1	4	8	16	1	8	8	1	8	0	1	16	8	tsmc40	8	8	1	1.0	0.1	5,12,3,8,233,1	12,3,49,1,233,88	0.00597	0.00154	1.5E-5	0.00753	86	200	181364.605685	2.02
1	8	8	16	1	8	8	1	8	0	1	16	8	tsmc40	8	8	1	1.0	0.1	5,12,3,8,233,1	12,3,49,1,233,88	0.00582	0.00171	1.54E-5	0.00755	86	200	186618.150621	3.44